  BITACORA DE LOS DATOS DE LA PRUEBA
El cero de desviacion es: 2490.054945054945
El span de desviacion es: -0.01301586082067717
El ancho de la placa de desviacion es: 1.0
2467.9662
2488.2137
2488.3352
2488.3739000000005
2488.6364999999996
2488.9316999999996
2489.3229999999994
2489.7101000000002
2490.1839000000004
2490.7491000000005
2491.1908
2491.6674000000003
2492.0099999999998
2492.2780000000002
2492.3338
2492.3516999999997
2492.1265999999996
2491.8612
2491.4207
2491.0072999999998
2490.7177
2490.3781999999997
2490.1104
2489.8517999999995
2489.7567
2489.6844
2489.6340999999998
2489.5819
2489.5721
2489.651
2489.8522
2490.0236
2490.1215
2490.1432000000004
2489.9482
2489.6724
2489.2075999999997
2488.6525
2488.2066
2487.7071
2487.6326
2487.4827000000005
2487.6596000000004
2487.7503000000006
2487.9919
2488.0757000000003
2488.2711999999997
2488.2816000000003
2488.3311000000003
2488.591
2488.8796
2489.2183
2489.585
2490.0653
2490.3988999999997
2490.7108000000003
2491.0343
2491.1144000000004
2491.1366999999996
2491.1235
2491.094899999999
2490.8584000000005
2490.7021000000004
2490.4219000000003
2490.0175
2489.5984999999996
2489.3005
2488.8708
2488.5583000000006
2488.2454
2488.0496
2488.1319999999996
2488.2861
2488.5879000000004
2489.0327
2489.6380000000004
2490.0606
2490.5754
2491.0
2491.0980999999997
2490.9746
2490.7463
2490.4316999999996
2489.9818000000005
2489.4826000000003
2489.0682
2488.7913999999996
2488.5633000000003
2488.3815999999997
2488.4589000000005
2488.5067
2488.4881
2488.5816
2488.6449000000002
2488.5425000000005
2488.4937
2488.5131
2488.5218
2488.6038000000003
2488.8619999999996
2489.0357000000004
2489.3515
2489.4353000000006
2489.4509
2489.3513000000007
2489.229
2488.8031000000005
2488.4807
2488.3140000000003
2488.2536
2488.3920000000003
2488.8382999999994
2489.3770999999997
2489.9790000000003
2490.7016000000003
2491.3174999999997
2491.955
2492.2809999999995
2492.4599000000007
2492.4231999999997
2492.3089
2492.1291999999994
2491.6546
2491.2436
2490.8017999999997
2490.4038
2489.9695
2489.6887999999994
2489.4256999999993
2489.381
2489.2875999999997
2489.2257000000004
2489.2696
2489.1939
2489.1924
2489.0445
2489.193
2489.1832
2489.1740000000004
2489.2458999999994
2489.4225
2489.5434
2489.5780999999997
2489.6431
2489.8122999999996
2489.8813999999998
2489.7930000000006
2489.7127
2489.4568999999997
2489.1816
2488.6766000000002
2488.2521
2487.7748
2487.3683
2487.0852999999993
2486.9757000000004
2487.0733000000005
2487.1086
2487.1915000000004
2487.4790000000003
2487.828
2488.1086000000005
2488.378
2488.7256
2489.0922000000005
2489.4405
2489.6820000000002
2489.8916
2489.9440000000004
2490.1041999999998
2490.2293
2490.4701
2490.6996
2490.9675
2491.250000000001
2491.6786
2491.9606000000003
2492.2871
2492.2479000000003
2492.3368
2492.0772000000006
2491.6857999999997
2491.2875000000004
2490.6360999999997
2489.9512999999997
2489.3450000000003
2488.8306000000002
2488.2789
2487.9674
2487.7744000000002
2487.5361000000003
2487.3764000000006
2486.9892000000004
2486.7219
2486.1675999999998
2485.8485999999994
2485.3508
2485.2017000000005
2485.0762999999997
2485.0758
2485.3478
2485.8446000000004
2486.277900000001
2486.6176000000005
2487.062
2487.5115000000005
2487.8478999999998
2488.1546000000003
2488.3629
2488.6973
2489.0138
2489.4259
2489.9877000000006
2490.4221
2490.8846000000003
2491.2608000000005
2491.4249000000004
2491.5807000000004
2491.2014999999997
2490.7707000000005
2490.1081
2489.4865
2488.823
2488.3005000000003
2487.8343
2487.5593
2487.3897
2487.2673000000004
2487.4119
2487.4379000000004
2487.6953
2487.8884000000007
2488.0586000000003
2488.4465999999998
2488.5425000000005
2488.6097000000004
2488.3612000000003
2488.2436000000002
2487.9301
2487.6324000000004
2487.2775
2487.2745999999997
2487.2544
2487.4997
2487.7334
2488.0399000000007
2488.2909999999997
2488.4921000000004
2488.5174000000006
2488.7773000000007
2488.8136
2488.8278
2489.0017000000003
2489.0711
2489.1638000000003
2489.0550000000003
2488.9733
2488.8472
2488.6088000000004
2488.4956
2488.4951
2488.6749
2489.0833
2489.4835
2489.9505
2490.4752
2490.6758
2490.8439000000003
2490.7021
2490.4911000000006
2490.1857000000005
2489.6828
2489.4172
2488.8987
2488.5878
2488.1288999999997
2487.8920000000007
2487.5029
2487.4347000000002
2487.2999000000004
2487.5154
2487.7821999999996
2488.4037999999996
2488.8813999999998
2489.4718000000007
2489.9405
2490.1409
2490.2693000000004
2490.0840999999996
2489.6581000000006
2489.1917999999996
2488.5784000000003
2488.0813
2487.6227000000003
2487.4166999999998
2487.2899000000007
2487.5332000000003
2487.7273000000005
2488.2807000000003
2488.4569000000006
2488.9411999999998
2488.9603000000006
2489.1419999999994
2489.1634999999997
2489.0462000000007
2488.959599999999
2488.9908000000005
2488.9731
2488.966500000001
2488.9988000000003
2488.9052000000006
2488.8024000000005
2488.6365
2488.5411000000004
2488.4599000000003
2488.5841
2488.7775
2489.0421
2489.6272000000004
2490.0979
2490.7288000000003
2491.1122000000005
2491.545
2491.4825
2491.4412000000007
2491.1475
2490.6802000000007
2490.0977
2489.6856000000007
2489.3937999999994
2489.2175000000007
2489.3224
2489.3321
2489.5892
2489.6812999999997
2489.5960000000005
2489.4424000000004
2489.0703000000008
2488.7357999999995
2488.3894999999998
2488.1618
2488.0488000000005
2487.9487
2487.9463
2488.3129000000004
2488.4967
2488.6881
2488.8393
2489.0032
2489.1232999999997
2489.2009
2489.2425000000003
2489.2575999999995
2489.1987999999997
2489.1530000000007
2488.991
2488.7987000000007
2488.4935000000005
2488.1281
2487.7919
2487.477
2487.2654
2487.0253
2487.1462999999994
2487.1023
2487.3127
2487.4233000000004
2487.6814
2487.9735000000005
2488.2106000000003
2488.7205
2488.9823
2489.4854
2489.7667000000006
2490.0373
2490.0424000000003
2490.0339000000004
2489.8662
2489.4187000000006
2489.1245999999996
2488.6161000000006
2488.2823000000003
2487.7844000000005
2487.7754
2487.5978
2487.7851
2488.0415
2488.4094
2488.8949000000002
2489.3282
2489.622
2489.7116000000005
2489.8325
2489.6103000000003
2489.5078999999996
2489.4353
2489.3447
2489.4587
2489.7289000000005
2490.1611000000003
2490.4863000000005
2491.0248000000006
2491.0753000000004
2491.2651000000005
2491.0205
2490.7805
2490.2151999999996
2489.731
2489.2643
2488.8845
2488.6483
2488.5027999999993
2488.4632000000006
2488.500699999999
2488.6247
2488.6429000000003
2488.768
2488.6726
2488.5003
2488.5103
2488.2929000000004
2488.118
2487.9255000000007
2487.8513999999996
2487.7885
2488.008599999999
2488.0527
2488.2065
2488.2581000000005
2488.2772
2488.2538000000004
2488.3051000000005
2488.2621999999997
2488.2349
2488.2682000000004
2488.4189
2488.5118
2488.6191000000003
2488.8919999999994
2489.1081000000004
2489.407
2489.7726000000002
2490.1602000000003
2490.4606
2490.6727
2490.5
2490.3284
2489.9377999999997
2489.4064000000003
2489.0703000000003
2488.5842999999995
2488.4197
2488.2110999999995
2488.2373000000002
2488.2883000000006
2488.3712999999993
2488.3866000000007
2488.633800000001
2488.8759000000005
2489.2532000000006
2489.6861
2490.0218000000004
2490.4501
2490.5157000000004
2490.5935
2490.3715
2490.1121000000003
2489.7889999999998
2489.3853
2489.1893999999998
2488.8181999999997
2488.8112000000006
2488.5607999999997
2488.5867
2488.4141
2488.5112
2488.3853000000004
2488.4954000000002
2488.4677
2488.618
2488.7299
2488.7213
2488.9074
2488.9084
2489.0187
2489.0561000000002
2489.1427000000003
2489.362600000001
2489.4861
2489.8192999999997
2489.9454
2490.3450000000003
2490.4493
2490.6528
2490.487
2490.4535
2490.0802
2489.7649
2489.3803
2489.1603999999998
2488.8995999999997
2488.7892000000006
2488.772
2488.743
2488.7709999999997
2488.6989000000003
2488.546
2488.6289
2488.5474
2488.6486999999997
2488.7333000000003
2489.0983
2489.5452
2490.1764000000003
2490.6421
2491.3511999999996
2491.7713000000003
2492.1078
2492.2387999999996
2492.284
2492.0469
2491.5817
2491.0798999999997
2490.5597
2489.8927999999996
2489.3015
2488.7590000000005
2488.3241000000007
2488.1153000000004
2488.0798000000004
2488.3075999999996
2488.8235999999997
2489.4958
2490.2029
2491.0319999999997
2491.7781999999993
2492.2913999999996
2492.6567000000005
2492.9272
2492.9007
2492.7781999999993
2492.6196999999997
2492.1357
2491.5998
2490.8922
2490.2111
2489.4543999999996
2488.8117
2488.4476999999997
2488.0006000000003
2488.0286
2487.9159999999997
2487.9467
2487.699
2487.5190999999995
2487.1102
2486.7187000000004
2486.2932
2486.0437
2486.0947
2486.1461
2486.5557000000003
2486.8460999999998
2487.2919
2487.4625000000005
2487.5049
2487.5947000000006
2487.3387999999995
2487.3077
2487.0579
2487.3478000000005
2487.4894
2487.786
2488.2334
2488.7965
2489.1982000000003
2489.6245999999996
2490.0411999999997
2490.3571
2490.6607000000004
2490.8349
2491.1496000000006
2491.0708000000004
2490.9546000000005
2490.535399999999
2489.9868000000006
2489.3304000000003
2488.6949000000004
2487.9945
2487.6472000000003
2487.4669
2487.5906
2488.0291
2488.4738000000007
2489.1283000000003
2489.6760000000004
2490.1073
2490.3702
2490.4548000000004
2490.3044
2489.9718000000007
2489.5745999999995
2488.9965000000007
2488.6507
2488.0423000000005
2487.9237999999996
2487.7176000000004
2487.7373000000002
2487.8637000000003
2488.2294000000006
2488.7633000000005
2489.3626000000004
2490.06
2490.8821000000003
2491.7378999999996
2492.4206000000004
2493.1636
2493.5280999999995
2493.782
2493.7044999999994
2493.4548
2492.9564999999993
2492.3583000000003
2491.5861
2490.9173
2490.3589
2489.7258999999995
2489.3435
2489.1110999999996
2488.8143999999998
2488.5687000000007
2488.4012
2488.0628000000006
2487.7155000000002
2487.3808000000004
2487.0204000000003
2486.9095
2486.8985000000002
2487.2990000000004
2487.6397
2488.3938000000003
2489.0483000000004
2489.5773
2489.9106
2490.111
2489.9749
2489.7809
2489.5352
2489.2301
2489.2567000000004
2489.2821999999996
2489.5178999999994
2489.8215999999993
2490.1777999999995
2490.3429
2490.5382
2490.5738
2490.562100000001
2490.2519
2489.9354
2489.7551999999996
2489.4184999999998
2489.2943
2489.2702
2489.5117
2489.8423999999995
2490.4225
2490.8623000000002
2491.3631000000005
2491.6025000000004
2491.6326000000004
2491.5924
2491.0663000000004
2490.6396999999997
2489.9109
2489.4847999999997
2488.942
2488.5316
2488.3344
2488.1568000000007
2488.1019
2488.22
2488.4727000000007
2488.6403
2489.0076
2489.0204000000003
2489.4007
2489.4012
2489.3722
2489.1860000000006
2488.9728
2488.641
2488.258
2487.843300000001
2487.5272
2487.2879000000007
2487.1068999999998
2487.2690000000002
2487.5882
2488.2902999999997
2489.0488
2489.9795
2491.0088
2491.7182
2492.2253
2492.2919000000006
2492.1447000000003
2491.413
2490.6019
2489.5009999999997
2488.5903
2487.7000000000003
2486.9599
2486.6517999999996
2486.501
2486.7250000000004
2486.9449000000004
2487.4271
2487.7714
2488.1172999999994
2488.2687
2488.3991000000005
2488.3313
2488.2241000000004
2488.0091999999995
2487.7765
2487.7327999999998
2487.471200000001
2487.3871
2487.2452
2487.1731
2487.115
2487.0565
2487.0593999999996
2486.9136000000003
2486.8178
2486.6076000000003
2486.4141
2486.0974000000006
2485.883
2485.4633000000003
2485.4364000000005
2485.3549000000003
2485.3938
2485.609
2485.794000000001
2486.2333000000003
2486.4202000000005
2486.7564
2486.7995
2486.8687
2487.0257000000006
2486.8875999999996
2486.8389
2486.750700000001
2486.5978000000005
2486.4551
2486.5059000000006
2486.3782000000006
2486.5953999999997
2486.6982999999996
2487.2176
2487.7102999999997
2488.2878000000005
2488.7692
2489.1395
2489.2993
2489.3827
2489.0035000000003
2488.7045000000003
2488.3443
2487.9087000000004
2487.7641
2487.6566999999995
2487.8338000000003
2488.0312
2488.3331000000003
2488.6866
2488.8768000000005
2489.1602
2489.1814000000004
2489.4635
2489.5625000000005
2489.8275999999996
2489.999300000001
2490.2568
2490.5708
2490.8305
2490.9447
2491.032800000001
2491.0737999999997
2490.9466
2490.9976
2490.7981000000004
2490.7561
2490.4551999999994
2490.2118
2489.9974999999995
2489.7680000000005
2489.6046
2489.4375999999997
2489.5354999999995
2489.8507
2490.0806999999995
2490.3080999999997
2490.5824000000002
2490.6161000000006
2490.5270000000005
2490.1902
2489.8286000000003
2489.4107999999997
2488.8804
2488.7197999999994
2488.3309000000004
2488.2721000000006
2488.0292
2487.961
2487.9269000000004
2487.8663000000006
2487.6464
2487.6028000000006
2487.4611000000004
2487.2983000000004
2487.1715000000004
2486.9635000000003
2486.8069
2486.5703000000003
2486.5814000000005
2486.5899000000004
2486.6322
2486.8116999999997
2486.9713000000006
2487.2660000000005
2487.347
2487.5591000000004
2487.6787000000004
2487.871
2487.9147000000007
2488.0763
2488.2554999999998
2488.5163000000007
2488.6858
2488.8157
2488.9281000000005
2488.8612000000003
2488.7072
2488.4327000000003
2488.3159000000005
2487.9494
2487.8012000000003
2487.6460999999995
2487.7560999999996
2487.7914
2488.0038000000004
2488.1486000000004
2488.3522000000003
2488.5035
2488.6470000000004
2488.8194000000003
2489.0928999999996
2489.3608999999997
2489.5166000000004
2489.9809000000005
2490.2393
2490.4942
2490.6122000000005
2490.4213000000004
2490.1956999999998
2489.7316
2489.3121
2488.7944
2488.4854000000005
2488.3217999999997
2488.4355
2488.6831000000006
2489.1220000000003
2489.5364
2489.7824000000005
2489.9492
2489.852
2489.82
2489.3487
2489.1045000000004
2488.6776
2488.4159
2488.1551
2488.1925000000006
2488.3615
2488.573
2488.8629
2489.3372999999997
2489.9800000000005
2490.6150000000002
2491.1292
2491.5416999999998
2491.9446000000003
2491.9509000000003
2491.7356999999997
2491.3008000000004
2490.6197000000006
2489.8758000000003
2488.9738
2488.3983
2487.7772999999997
2487.4790000000003
2487.231
2487.2237000000005
2487.1724
2487.1319
2487.0360000000005
2487.0042
2486.8709
2486.7231
2486.796499999999
2486.6737000000007
2486.9190000000003
2486.8419000000004
2486.9709000000003
2487.0946
2487.2245000000003
2487.4046
2487.6213000000002
2487.9637
2488.4087999999997
2488.9564
2489.4081000000006
2489.842
2490.0841
2490.2709
2490.1828
2490.1488
2489.9964000000004
2489.7517000000003
2489.743299999999
2489.6792
2489.7459000000003
2489.7656000000006
2489.8718999999996
2489.8197
2489.9982
2489.8562
2489.8225000000007
2489.8165000000004
2489.7187999999996
2489.5074999999997
2489.3329
2489.2198000000003
2488.8614
2488.633
2488.1288000000004
2487.8070000000002
2487.3662000000004
2487.1212
2486.9
2486.8589000000006
2487.0687999999996
2487.3996
2488.0199000000002
2488.7662
2489.4002
2490.0256000000004
2490.5776999999994
2490.791
2490.9877
2491.0207000000005
2490.8482
2490.739
2490.56
2490.6196
2490.51
2490.6028999999994
2490.4775
2490.4422000000004
2490.1072
2489.8291999999997
2489.2011000000007
2488.7809
2488.3188
2487.8826
2487.7457
2487.9016999999994
2488.0879999999997
2488.4712
2488.9838
2489.2752
2489.493
2489.5640000000003
2489.4372000000003
2489.2504
2488.8750000000005
2488.5660000000003
2488.2547
2488.2224000000006
2488.2795000000006
2488.4698000000003
2488.8434999999995
2489.4617999999996
2489.9256000000005
2490.4987000000006
2490.9554000000003
2490.9696
2490.9249
2490.2838
2489.6829
2488.7
