  BITACORA DE LOS DATOS DE LA PRUEBA DE DESVIACION DEL EJE TRASERO
El cero de desviacion es: 2490.054945054945
El span de desviacion es: -0.01301586082067717
El ancho de la placa de desviacion es: 1.0
2487.5081999999993
2487.8412000000003
2488.1942000000004
2488.7544000000003
2489.215
2489.7757
2490.2826
2490.6913000000004
2490.9322000000006
2491.1098
2491.0347
2491.0274
2490.7899999999995
2490.5865000000003
2490.5014999999994
2490.3593
2490.2808999999993
2490.0301000000004
2489.9634
2489.8226000000004
2489.6016999999997
2489.4655000000002
2489.2414000000003
2489.2312
2489.2019999999993
2489.2136
2489.2789000000002
2489.3998
2489.3146
2489.3019999999997
2489.246400000001
2489.0634999999997
2488.8839000000007
2488.5126999999998
2488.4784
2488.2590999999998
2488.2621000000004
2488.2976
2488.2675000000004
2488.416
2488.3023000000003
2488.2203
2487.9451000000004
2487.7351
2487.4727000000003
2487.3336000000004
2487.4244
2487.7257000000004
2488.34
2488.9863000000005
2490.0405
2490.8985000000002
2491.9529999999995
2492.7004000000006
2493.3546
2493.9072000000006
2493.9191
2493.8305
2493.3377
2492.7808999999997
2492.1751
2491.4759000000004
2490.9168
2490.4397
2490.2226
2490.1662
2490.2777
2490.3840999999998
2490.7353
2491.018
2491.417
2491.9646000000002
2492.4524
2493.0108
2493.3825000000006
2493.7154
2493.9155
2493.889
2493.5489000000002
2493.1574
2492.6953999999996
2492.1061999999997
2491.5148999999997
2491.1177
2490.8662000000004
2490.7140000000004
2490.7714
2490.9800999999998
2491.3507999999997
2491.7607999999996
2492.183
2492.6579
2492.8215000000005
2493.024
2492.8844999999997
2492.7354999999993
2492.3777
2491.9412999999995
2491.4883
2491.0973999999997
2490.8858
2490.6147
2490.556
2490.4078999999997
2490.3923999999997
2490.3550000000005
2490.3763000000004
2490.481
2490.4719999999998
2490.7642
2490.8934000000004
2491.0246000000006
2491.1630999999998
2491.1657
2491.1101
2490.8643000000006
2490.7464999999993
2490.390300000001
2490.2428
2489.712
2489.3043
2488.7900000000004
2488.2571000000003
2487.7772
2487.2817999999997
2487.2415000000005
2487.1854000000003
2487.4532
2487.8498999999997
2488.3414
2488.8806000000004
2489.3133000000003
2489.8397
2490.1902000000005
2490.7601999999997
2491.0756
2491.4957
2491.8835999999997
2492.221
2492.4764000000005
2492.5735
2492.7817999999997
2492.7709000000004
2492.7077999999997
2492.6207999999997
2492.544
2492.3821999999996
2492.2383000000004
2492.0799
2491.8967000000002
2492.0756
2491.9049
2491.9541
2491.7434
2491.4843
2490.9653999999996
2490.4358000000007
2489.9292
2489.2937999999995
2488.9949
2489.0481999999997
2489.1578999999997
2489.4787
2489.9282000000007
2490.0427
2489.9957
2489.8550000000005
2489.2931
2488.6971
2488.0075
2487.5727
2487.1359
2487.1254
2487.1575
2487.2526000000007
2487.6741
2487.8652
2488.1543000000006
2488.3076000000005
2488.5710999999997
2488.4708000000005
2488.5894
2488.5746000000004
2488.5363
2488.4407000000006
2488.4389
2488.3312999999994
2488.0683000000004
2488.1023
2487.8816000000006
2487.7627
2487.8022000000005
2487.5978000000005
2487.8079000000002
2487.7819
2488.1276000000003
2488.2623999999996
2488.6276
2488.8244000000004
2489.0445000000004
2489.2922000000003
2489.5047000000004
2489.5679000000005
2489.5401
2489.6422000000002
2489.4894000000004
2489.4256000000005
2489.2655000000004
2489.0187
2489.0722
2488.7662
2488.8718
2488.6634000000004
2488.7212000000004
2488.6263999999996
2488.6775
2488.7685
2488.6695
2488.7158
2488.7293
2488.9078000000004
2489.0718
2489.3289000000004
2489.6264000000006
2489.9299000000005
2490.3941
2490.6915000000004
2491.1431000000002
2491.2485
2491.5421999999994
2491.6027
2491.8537
2491.8392
2491.858
2491.8914999999997
2491.6281
2491.3749
2490.8289000000004
2490.4714000000004
2489.8098999999993
2489.3042000000005
2489.0724
2488.7705
2488.8204
2488.8029
2488.9769
2489.0195
2489.1894999999995
2489.1606
2489.3336999999997
2489.5297000000005
2489.8363
2490.2967000000003
2490.6401
2491.2211
2491.2802000000006
2491.5318
2491.2821000000004
2491.0332000000003
2490.5728999999997
2490.0219
2489.7335999999996
2489.2774
2489.1493
2488.8374000000003
2488.7522
2488.5403000000006
2488.3919
2488.2820000000006
2488.0489000000007
2488.1245000000004
2488.0959000000007
2488.3417
2488.4115
2488.8415
2488.8445000000006
2489.1876000000007
2489.4532000000004
2489.4865
2489.7268999999997
2489.7071000000005
2489.6805999999997
2489.5002
2489.3287
2488.852
2488.2974999999997
2487.9205
2487.3208
2487.0176
2486.6066000000005
2486.5617
2486.3829
2486.53
2486.6567
2486.6610000000005
2486.8449
2486.7269000000006
2486.7413
2486.6377000000007
2486.7092999999995
2486.5341000000008
2486.7026000000005
2486.9395
2487.238500000001
2487.7228000000005
2488.1334000000006
2488.6833
2489.018700000001
2489.4753
2489.7101000000002
2489.7796000000003
2489.8662
2489.7214000000004
2489.7297999999996
2489.6184000000003
2489.8408999999997
2489.8741000000005
2490.1742999999997
2490.4553000000005
2490.7849
2490.9502
2491.0707999999995
2491.0855
2490.978
2490.8811000000005
2490.6496
2490.5837
2490.5102999999995
2490.3916
2490.2978999999996
2490.2452000000003
2490.0503999999996
2489.7373
2489.5055999999995
2489.1694999999995
2488.7968
2488.3229
2488.1175999999996
2488.0027
2487.9303
2488.1468999999997
2488.2938
2488.7434000000003
2489.0462000000007
2489.4374
2489.6166000000007
2489.7784
2489.6612999999998
2489.4416
2489.3282
2488.9552000000003
2488.7456999999995
2488.4379000000004
2488.4599000000003
2488.4172
2488.5842000000002
2488.8756000000003
2489.1113000000005
2489.6249000000003
2489.8383000000003
2490.1077999999998
2490.1179
2490.1182000000003
2490.0607
2489.918
2489.8583999999996
2489.634400000001
2489.7430999999997
2489.6706
2489.9218000000005
2489.9095
2489.9979000000003
2490.0190999999995
2490.1182
2490.3304999999996
2490.4125
2490.7591
2490.9853000000003
2491.2366
2491.6142
2491.9071000000004
2492.1354
2492.2551000000003
2492.47
2492.3847
2492.2279000000003
2491.8455999999996
2491.4410999999996
2490.9311
2490.3877000000007
2489.8285
2489.4318
2489.3606999999997
2489.1809999999996
2489.2312999999995
2489.2805999999996
2489.4078
2489.4881
2489.6048000000005
2489.8448
2490.0183
2490.3198000000007
2490.8113000000003
2491.1693000000005
2491.5319
2491.7916999999998
2491.7981
2491.6864999999993
2491.3522999999996
2490.8333000000007
2490.3999
2489.9202999999998
2489.5667
2489.2200999999995
2488.9834
2488.9547000000002
2488.8989000000006
2489.0551000000005
2489.0876
2489.1223
2489.2201000000005
2489.2845
2489.3369999999995
2489.3026
2489.2013999999995
2488.9223
2488.7393999999995
2488.518
2488.2878
2487.927600000001
2487.8764
2487.7350999999994
2487.517700000001
2487.5194999999994
2487.3322000000003
2487.1041999999998
2486.9382
2486.7736000000004
2486.7905
2486.8340000000003
2487.1753
2487.6553000000004
2488.4439
2489.2757
2490.0444
2490.688600000001
2491.4150000000004
2491.6829000000002
2491.8432000000007
2491.7263
2491.5076
2491.0453
2490.6385
2490.2633000000005
2489.6688
2489.2230999999997
2488.7851999999993
2488.4937999999997
2488.2403000000004
2488.1254
2488.0877000000005
2488.1580000000004
2488.5558000000005
2488.9341
2489.4661
2489.9074000000005
2490.351
2490.7081
2491.0436000000004
2491.2171000000003
2491.2452000000003
2491.1386999999995
2490.9167
2490.7131999999997
2490.436
2490.1913
2489.7945999999997
2489.4990000000003
2489.3992999999996
2489.2351000000003
2489.3100000000004
2489.2520999999992
2489.4346000000005
2489.8283
2490.1166000000003
2490.5786
2490.9566
2491.1640000000007
2491.2762000000002
2491.2451
2491.0510999999997
2490.6983999999998
2490.1225999999997
2489.8177
2489.4336
2489.2323
2489.1141000000002
2488.9026000000003
2488.9973999999997
2488.8593000000005
2488.8313000000003
2488.6975
2488.4373
2488.3369999999995
2487.9556
2487.9338000000002
2487.6839000000004
2487.6760000000004
2487.5398000000005
2487.7986
2487.8858000000005
2488.2967
2488.6451000000006
2489.0467000000003
2489.7194
2490.0730000000003
2490.5787
2490.6079000000004
2490.6002000000003
2490.2348
2489.5759000000003
2488.9284000000002
2487.9192000000003
2487.2338999999993
2486.4737000000005
2486.1340999999998
2486.0094000000004
2486.2872
2486.6183
2487.0555
2487.5697000000005
2488.0202000000004
2488.5030000000006
2488.5796000000005
2488.7684999999997
2488.6239
2488.5988
2488.3905000000004
2488.2344000000003
2488.0304
2487.7854
2487.6025
2487.4777999999997
2487.4622
2487.4079
2487.5331000000006
2487.6939
2488.0007
2488.2690999999995
2488.4369000000006
2488.8791
2489.0402000000004
2489.4172
2489.5032000000006
2489.7661
2489.8499
2490.0759
2490.2401
2490.1355000000003
2490.0804999999996
2489.7144000000003
2489.4838999999997
2489.0401
2488.728
2488.5262000000002
2488.4432000000006
2488.7562
2489.2439
2490.0707
2490.8904000000007
2491.8235000000004
2492.5836
2493.234
2493.6571999999996
2493.6537000000003
2493.6496
2493.2297
2492.7499000000003
2492.0581999999995
2491.4276
2490.9406
2490.4476999999997
2490.0983999999994
2489.7850000000003
2489.7131
2489.5598
2489.6474
2489.5841
2489.5889000000006
2489.5863
2489.6706
2489.859899999999
2490.0881999999997
2490.3197
2490.4428
2490.6250999999997
2490.7293
2490.6158
2490.4078000000004
2490.2026
2490.0167999999994
2489.8049000000005
2489.8283
2489.5103
2489.5424
2489.3322
2488.9934000000003
2488.6686
2488.2545
2487.8884000000003
2487.4934
2487.3761999999997
2487.2538999999997
2487.3935
2487.6521000000002
2487.9434
2488.2021000000004
2488.6074
2488.8303000000005
2488.9005000000006
2489.0283000000004
2488.8619999999996
2488.7807000000003
2488.5616999999993
2488.2168
2487.9941
2487.6541
2487.3504
2487.1726000000003
2487.0223
2486.9471000000003
2486.9107
2486.9523
2487.2095000000004
2487.4800000000005
2487.726399999999
2488.1053
2488.521
2488.98
2489.3060999999993
2489.7565000000004
2490.081
2490.425
2490.4734000000003
2490.497
2490.304
2490.0632000000005
2489.6530999999995
2489.0470000000005
2488.7426
2488.3361000000004
2488.0139999999997
2487.9579000000003
2487.9961000000003
2488.3077000000003
2488.7841000000003
2489.2809
2489.8955
2490.5368
2490.9310000000005
2491.3089
2491.4476999999997
2491.4213999999993
2491.226
2490.8630000000003
2490.7346000000002
2490.2771999999995
2490.1886999999997
2490.0887
2490.2
2490.2706
2490.3444
2490.3128
2490.3313999999996
2490.3235
2490.3459999999995
2490.2781
2490.209600000001
2490.3424000000005
2490.3775
2490.3612
2490.3083
2489.9972000000002
2489.9786
2489.6167
2489.5663999999997
2489.2509999999997
2489.2178
2489.0600999999997
2489.0452000000005
2488.9773
2488.8071999999997
2488.6015000000007
2488.3367000000003
2488.1311
2487.9554999999996
2487.7048999999997
2487.5211
2487.3340000000003
2487.4486
2487.5249000000003
2487.9207
2488.27
2488.9897
2489.4837
2490.0272000000004
2490.3829
2490.5964000000004
2490.5816
2490.4249000000004
2490.2051000000006
2490.0926000000004
2489.8158999999996
2489.7117999999996
