  BITACORA DE LOS DATOS DE LA PRUEBA DE DESVIACION DEL EJE TRASERO
El cero de desviacion es: 2196.3076923076924
El span de desviacion es: 0.012781932880079576
El ancho de la placa de desviacion es: 1.0
2247.1387999999997
2247.2991999999995
2247.222
2246.8855999999996
2246.526
2245.8704000000002
2244.8612
2243.8107999999997
2242.9356
2242.314
2242.024
2242.1648
2242.6803999999997
2243.4875999999995
2244.4615999999996
2245.5296000000003
2246.428
2247.1567999999997
2247.5928
2247.9375999999997
2248.404
2248.6432
2248.7516
2248.918
2248.9543999999996
2248.8563999999997
2248.6376
2248.3327999999997
2247.9867999999997
2247.618
2247.3324000000002
2247.0851999999995
2246.8599999999997
2246.7404
2246.6195999999995
2246.5144
2246.456
2246.4163999999996
2246.3664
2246.4164
2246.456
2246.4779999999996
2246.5308
2246.408
2246.4064
2246.2132
2246.1065999999996
2245.9222
2245.9118000000003
2246.0216
2246.3482
2246.7357999999995
2247.1982
2247.7115999999996
2248.1497999999997
2248.3832
2248.4853999999996
2248.315
2247.9538
2247.4012000000002
2246.9929999999995
2246.4786
2246.1849999999995
2245.9512
2245.9444
2246.0723999999996
2246.3152
2246.5303999999996
2246.79
2246.9952
2247.1524
2247.2436
2247.362
2247.4404
2247.5776
2247.752
2247.9364
2248.1036
2248.2283999999995
2248.2907999999998
2248.2899
2248.2138999999997
2248.0880999999995
2247.9307999999996
2247.7659
2247.6196999999997
2247.5661
2247.5092
2247.4404999999997
2247.4363999999996
2247.4248999999995
2247.4076999999997
2247.3875
2247.3671999999997
2247.3500999999997
2247.3386999999993
2247.3347
2247.3437999999996
2247.3154
2247.3222
2247.3107999999997
2247.283
2247.1603
2247.0778999999998
2246.9294999999997
2246.7014
2246.4781000000003
2246.2805
2246.0849
2245.9742
2245.9651
2246.0614
2246.2452999999996
2246.4900999999995
2246.7320999999997
2247.0135999999998
2247.2199
2247.357299999999
2247.4056999999993
2247.4752
2247.4395999999997
2247.3871999999997
2247.3779999999997
2247.3619999999996
2247.362
2247.3871
2247.4366999999997
2247.5164999999997
2247.6148
2247.7158999999997
2247.8049
2247.8680999999997
2247.9688
2247.6973
2247.574
2247.2497
2246.7213
2246.0635
2245.403
2244.8091
2244.4550999999997
2244.2265
2244.3332
2244.6774
2245.2
2245.8158
2246.4217999999996
2246.9429999999998
2247.276999999999
2247.2681999999995
2247.4418
2247.3763999999996
2247.2714
2247.2301999999995
2247.261
2247.5415
2247.7589
2248.0856999999996
2248.6018
2249.1257
2249.6081
2249.9804999999997
2250.1841999999997
2250.2159
2250.0404
2249.6710999999996
2249.2139
2248.6876999999995
2248.116
2247.6415
2247.253
2247.0722
2246.7235
2246.642
2246.5272999999997
2246.4495
2246.4195
2246.4431999999997
2246.3703
2246.4179999999997
2246.3683
2246.2295
2246.0717
2245.8727999999996
2245.6951
2245.5685
2245.4282000000003
2245.4805
2245.5323
2245.5921
2245.7329999999997
2245.7690000000002
2245.8091
2245.7965
2245.7358
2245.5891
2245.5339
2245.3558000000003
2245.0825
2244.7147
2244.3662000000004
2244.0317999999997
2243.7309
2243.6731
2243.7084999999997
2243.9064999999996
2244.3199999999997
2244.7156
2245.2224
2245.6328
2245.9231999999997
2246.0516000000002
2246.3647999999994
2246.456
2246.566
2246.6795999999995
2246.7939999999994
2246.8924
2246.9527
2247.0058999999997
2247.0045
2246.9864
2246.9175
2246.8393
2246.7989
2246.6467999999995
2246.4357
2246.2480000000005
2246.0085
2245.7517
2245.4807
2245.2892
2245.1177
2245.1124999999997
2245.1457
2245.263
2245.458
2245.6914
2245.9282
2246.1866
2246.4783999999995
2246.5334
2246.6724
2246.7353999999996
2246.6905
2246.5896999999995
2246.5005
2246.5163
2246.5989999999997
2246.863
2247.1569
2247.5469
2247.9035999999996
2248.1710999999996
2248.3105
2248.2624
2248.0954
2247.7884000000004
2247.5330999999996
2246.9497999999994
2246.6102
2246.1318
2245.5811999999996
2244.9051
2244.2917
2243.779
2243.4201000000003
2243.3195
2243.4489
2243.8182
2244.3729
2245.0621
2245.7884999999997
2246.4226
2246.894
2247.1483999999996
2247.5492
2247.6772
2247.7527999999998
2247.7488
2247.7779
2247.7358999999997
2247.6056999999996
2247.51
2247.3579
2247.1729
2247.0184999999997
2246.8684
2246.7441
2246.7164
2246.7533
2246.8679
2246.9800999999998
2247.1501999999996
2247.2997
2247.4065
2247.4161
2247.3669999999997
2247.2268
2247.1122
2246.9015999999997
2246.7526
2246.5246
2246.3542
2246.16
2246.1285
2245.9917
2246.0582
2245.8767
2246.1344
2246.1393000000003
2245.8228000000004
2245.3781
2244.7798000000003
2244.054
2243.3926
2242.8417000000004
2242.5988
2242.6670000000004
2243.1612999999998
2243.9386
2244.9431999999997
2245.7379999999994
2246.4738
2246.8387000000002
2247.364
2247.3982999999994
2247.4096000000004
2247.4514999999997
2247.4687
2247.5681
2247.7344
2247.8894999999998
2248.0613
2248.1869
2248.172
2248.1686999999997
2247.9986999999996
2247.7880999999998
2247.5168
2247.5531
2247.4305
2247.6401
2248.1499999999996
2248.7461
2249.4919
2250.4708
2251.0814
2251.7051
2252.2233
2252.5932
2252.7225999999996
2252.6535
2252.3235
2251.857
2251.3059
2250.7610999999997
2249.8066999999996
2249.0774
2248.5335
2248.0086999999994
2247.8935
2248.141
2248.2929999999997
2248.8467999999993
2249.437
2249.8982
2250.3461999999995
2250.7282
2251.0078
2251.1144
2251.1139999999996
2250.951
2250.6641999999997
2250.3189999999995
2249.9518
2249.2467999999994
2248.7214
2248.1148
2247.5217999999995
2246.992999999999
2246.5574000000006
2246.1192
2245.8786
2245.7254
2245.5766000000003
2245.5795999999996
2245.6032000000005
2245.624
2245.604
2245.6059
2245.5271
2245.4449
2245.4764
2245.3559000000005
2245.3799
2245.3639000000003
2245.3046999999997
2245.2774
2245.2037
2245.0943
2244.9656
2244.9966
2245.0281
2245.1641
2245.3835999999997
2245.7065000000002
2246.0200999999997
2246.3758999999995
2246.6602999999996
2246.8864
2247.1495
2246.9291
2246.8552999999997
2246.5674
2245.5917999999997
2244.7194
2243.5135999999998
2242.1137999999996
2240.7824
2239.6774
2239.0018000000005
2238.8042
2239.1672000000003
2239.9674
2241.1846
2242.5222
2243.7515999999996
2244.6728999999996
2245.5837
2245.9231
2245.9383999999995
2246.0993000000003
2245.9247
2245.8407
2245.9136000000003
2246.0423
2246.2980000000002
2246.5351
2246.7322999999997
2246.8729000000003
2246.9903999999997
2247.3275
2247.3925
2247.7001
2248.2906
2249.0557999999996
2249.8728
2250.5658
2251.1023999999993
2251.3286000000003
2251.2039999999997
2250.7549999999997
2250.0996
2249.2531999999997
2248.1807
2247.3993
2246.6185
2245.9902
2245.0119
2244.4518999999996
2243.9221
2243.479
2243.2667
2243.28
2243.5217000000002
2243.9748999999997
2244.5687
2245.218
2245.8172999999992
2246.2786999999994
2246.5847
2246.9109000000003
2247.0117
2247.0002999999997
2246.842
2246.7161
2246.4887
2246.1836
2245.9629
2245.7426
2245.5568000000003
2245.4316
2245.3882
2245.4316
2245.5568
2245.4514
2245.5800999999997
2245.4519999999998
2245.2191000000003
2244.8493
2244.4372000000003
2244.0895
2243.7934999999998
2243.6191
2243.7592
2243.993
2244.7588
2245.4254
2246.3851999999997
2247.5366
2248.6603999999993
2249.5784
2250.5764
2251.037
2251.2344
2251.1477999999997
2250.71
2250.073
2249.2847999999994
2248.1934
2247.4093999999996
2246.5798999999997
2245.9127
2244.9261
2244.342
2243.9331
2243.7125
2243.7481000000002
2244.004
2244.4873
2245.0728000000004
2245.6776
2246.2027999999996
2246.6279999999997
2246.8399999999997
2246.844
2247.0591999999997
