  BITACORA DE LOS DATOS DE LA PRUEBA
El cero de desviacion es: 2196.3076923076924
El span de desviacion es: 0.012781932880079576
El ancho de la placa de desviacion es: 1.0
2247.0878
2247.0365999999995
2246.7578
2246.5215999999996
2246.3439
2246.2066
2246.1088
2246.0269
2245.9735
2245.9552000000003
2245.9757999999997
2246.0147
2246.1434999999997
2246.2283
2246.3445
2246.3920999999996
2246.3918999999996
2246.312
2246.0777
2245.8259
2245.5097000000005
2245.1992000000005
2244.9782
2244.8324999999995
2244.8124000000003
2244.9204999999997
2245.3585
2245.7155000000002
2246.33
2247.0310999999997
2247.7841
2248.4192999999996
2249.0166
2249.3586
2249.5022
2249.4215999999997
2249.1342
2248.7173999999995
2248.1866
2248.0172
2247.7293999999997
2247.8503999999994
2248.4154
2248.9381999999996
2249.743
2250.354
2250.7646
2250.8775999999993
2250.6088
2250.0644999999995
2249.3406999999997
2248.5022
2247.7461000000003
2247.1578
2246.8596999999995
2246.8945999999996
2246.7333
2246.9132
2247.1135999999997
2247.1906000000004
2247.2801
2247.292
2247.2495
2247.1223999999997
2246.9398999999994
2246.755
2246.5126999999993
2246.2991
2246.1256
2246.0306
2246.0196
2246.0942
2246.2439999999997
2246.4540999999995
2246.6794999999997
2246.8734999999992
2247.0845999999997
2247.2735
2247.3713
2247.4683
2247.5402
2247.5867
2247.5654
2247.5238999999997
2247.4163
2247.2859
2247.151
2247.1067
2247.0107999999996
2247.0480000000002
2247.1327
2247.2668000000003
2247.2992
2247.3581999999997
2247.2607999999996
2247.022
2246.6277999999998
2246.2214999999997
2245.7765999999997
2245.4063
2244.7014
2244.4073999999996
2243.9174000000003
2243.3045999999995
2242.552
2241.9546
2241.4191
2241.1283
2241.0906999999997
2241.4656
2242.0984000000003
2242.9633999999996
2243.9614
2245.0008000000003
2245.8623999999995
2246.457
2246.7213999999994
2247.2187999999996
2247.2401999999997
2247.2709999999997
2247.2169999999996
2247.1012
2246.9402
2246.7589999999996
2246.5326
2246.3428
2245.8106
2245.5898
2244.8718
2244.1756
2243.1821999999997
2242.015
2240.891
2239.9399999999996
2239.2982
2239.0164
2239.2322000000004
2239.7608
2240.6412
2241.7838
2242.6402
2243.5532
2244.1204
2244.8593999999994
2245.082
2245.5593999999996
2245.8072
2245.7055
2245.8459000000003
2245.6213
2245.0636
2244.3419000000004
2243.5881
2242.8305
2242.4211999999998
2242.2419
2242.1544000000004
2242.5959
2243.0559
2243.7084999999997
2244.321
2244.7665
2245.0067
2245.0089
2245.3070000000002
2245.3321999999994
2245.4538
2245.67
2245.8941999999997
2246.1436
2246.3961999999997
2246.547
2246.6081999999997
2246.5704
2246.4938
2246.4585999999995
2246.405
2246.3344
2246.3352
2246.3352
2246.336
2246.3352
2246.3352
2246.3343999999997
2246.3867999999998
2246.4324
2246.5539999999996
2246.6807999999996
2246.8307999999997
2246.9799999999996
2247.1067999999996
2247.1548
2247.2208
2247.1911999999998
2247.1227999999996
2247.0256
2246.8992
2246.7255999999998
2246.5824
2246.4031999999997
2246.2664
2246.1396
2246.0428
2245.99
2245.9631
2246.0031
2245.9838
2246.0233
2246.0498000000002
2245.9712999999997
2245.887
2245.7742999999996
2245.6132
2245.4272
2245.296
2244.9909000000002
2244.8509999999997
2244.6371
2244.0625
2243.7133999999996
2243.1343000000006
2242.3851999999993
2241.5935
2241.0266
2240.5485
2240.3655
2240.5582
2241.0149
2241.8017000000004
2242.7106000000003
2243.6910999999996
2244.4969
2245.2578
2245.6185999999993
2245.635500000001
2245.7959
2245.5129
2245.1915
2244.9462000000003
2244.7131999999997
2244.4765
2244.3598999999995
2244.2778
2244.1906999999997
2244.0676
2243.9413
2243.8129999999996
2243.5616999999997
2243.3651999999997
2243.1683999999996
2243.0519999999997
2242.9968999999996
2243.0377999999996
2243.1510000000003
2243.2971000000002
2243.3516
2243.4444
2243.5118
2243.5412000000006
2243.4896999999996
2243.434
2243.5121
2243.6692
2243.7981
2244.0905000000002
2244.4119
2244.766
2244.6953
2244.7795000000006
2244.4643
2243.8052000000002
2242.8944
2241.9048
2240.6832
2239.8264000000004
2238.9906
2238.2677999999996
2237.7486
2237.5559999999996
2237.5724
2237.984
2238.6228
2239.4024
2240.252
2241.5761
2242.7191
2243.7339
2244.5992
2245.0979000000007
2245.3653
2245.7122999999997
2245.763
2245.7542999999996
2245.7506000000003
2245.8356999999996
2245.8957
2245.9456999999998
2245.6408
2245.5047
2245.0879
2244.4517000000005
2243.715
2242.9066
2242.2888
2241.5058
2241.2241999999997
2240.9178
2240.6872000000003
2240.5491
2240.5355
2240.7133
2241.0
2241.3906999999995
2241.8861
2242.8769
2243.7384
2244.7000999999996
2245.622
2246.3560999999995
2246.5924999999997
2246.6567
2246.8268
2246.3949
2245.8882999999996
2245.5443
2245.2416
2245.0376
2244.918
2244.9584
2245.0939999999996
2245.3036
2245.5184
2245.7457999999997
2245.8806
2245.9282
2245.8316
2245.8922999999995
2245.8531000000003
2245.6129
2245.4363
2245.3668
2245.1602000000003
2245.1063
2245.0588999999995
2245.1555000000003
2245.3686
2245.6639999999998
2245.9946
2246.3636
2246.6906
2246.9514999999997
2247.1241999999993
2247.168
2247.1933
2247.0822
2246.9846
2246.9044999999996
2246.7896
2246.7765
2246.6926999999996
2246.4547000000002
2246.2848
2245.8867999999998
2245.3624
2244.6616
2243.9451999999997
2243.1780000000003
2242.6551999999997
2242.1748000000002
2241.9856
2242.0462999999995
2242.2630999999997
2242.5709
2242.8036
2242.9486999999995
2242.8864000000003
2242.6084
2242.2747000000004
2241.7335
2241.3485
2240.9194
2240.9764
2241.0641
2241.6591000000003
2242.3547000000003
2243.3684
2244.3379999999997
2245.2235000000005
2245.909
2246.2337
2246.2831
2245.9691000000003
2245.4617999999996
2244.739
2244.065
2243.4707
2242.9537
2242.7439
2242.4490000000005
2242.8011
2242.9642999999996
2243.8619
2244.6964000000003
2246.0687000000003
2247.5380000000005
2249.0468
2250.3053999999997
2251.1086
2251.4108
2251.0355999999997
2250.1169999999997
2248.7645999999995
2247.3514
2245.8697
2244.7972
2244.3067000000005
2243.9959
2244.3434
2244.4847
2244.9228
2245.0609000000004
2245.0914000000002
2244.8431
2244.408
2243.8822
2243.3023000000003
2242.8091
2242.4235999999996
2242.1975999999995
2241.9682
2241.9774
2242.0595999999996
2242.1576
2242.3572
2242.586
2242.8082
2243.0553
2243.3806000000004
2243.7198
2244.0964999999997
2244.5564999999997
2245.0072
2245.4565999999995
2245.8384
2246.1202000000003
2246.2468000000003
2246.2109
2246.0090999999998
2245.6726999999996
2245.3179999999998
2244.883
2244.4776
2244.1626
2243.933
2243.8242
2243.852
2243.9765999999995
2244.1933999999997
2244.4936999999995
2244.7562999999996
2245.0888999999997
2245.3052
2245.4782999999998
2245.6526999999996
2245.8143
2245.9114
2245.6465999999996
2245.6435
2245.3002
2244.7554999999998
2244.1268000000005
2243.5184999999997
2243.0155999999997
2242.7497
2242.7624
2243.0829999999996
2243.7039
2244.4048999999995
2245.2154999999993
2245.9626
2246.5126999999998
2246.734
2246.6648
2246.4692999999997
2245.8684
2245.0933
2244.0731
2242.9478999999997
2241.8576000000003
2240.9263
2240.187
2239.7790999999997
2239.6784999999995
2239.8053
2240.1024000000007
2240.3767
2240.7592999999997
2240.9295999999995
2240.9918999999995
2240.7718999999997
2240.7137999999995
2240.4793
2240.2821
2240.1241
2240.0280000000002
2239.9681
2239.9188
2239.9517
2240.0141000000003
2240.0437
2240.1006
2240.1115
2240.2491
2240.3365000000003
2240.5098000000003
2240.615
2240.7688000000003
2240.9106
2241.0188000000003
2241.0238000000004
2240.9774
2240.8494000000005
2240.6596
2240.4361999999996
2240.2142
2239.9837000000007
2239.7915
2239.6169
2239.52
